93
355
213
376
244
374
297
61
672
43
994
1
973
880
375
32
501
229
1
975
591
599
387
267
55
673
359
226
257
1855
237
238
1
236
235
56
86
57
269
242
682
506
225
385
53
599
357
420
850
243
45
246
253
593
20
503
240
291
372
251
500
298
679
358
33
262
594
689
241
220
995
49
233
350
881
30
299
1
388
590
502
224
245
592
509
504
1852
36
354
1
62
870
800
1882
883
979
808
98
964
353
972
39
81
962
254
1686
82
965
996
856
371
961
266
231
218
423
370
352
853
261
265
60
960
223
356
692
596
222
230
52
691
373
377
976
382
212
258
95
264
674
977
31
687
64
1505
227
234
683
47
968
92
680
507
675
595
51
63
48
351
974
40
250
247
290
508
1
685
378
239
966
221
381
248
232
421
386
677
252
27
21
34
94
249
597
268
46
41
963
886
992
255
888
389
670
228
690
676
991
216
90
993
1
688
256
380
971
44
878
598
998
678
379
39
58
84
681
967
260